-1
12
-1
-1
12
12
4
4
4
1
8
12
12
4
9
7
-1
6
-1
-1
-1
6
6
11
11
9
9
-1
-1
-1
4
-1
4
4
6
7
-1
7
7
7
7
7
7
7
7
7
-1
4
7
4
4
-1
4
8
-1
8
4
-1
11
4
-1
12
-1
-1
7
-1
12
-1
-1
-1
-1
7
11
11
13
13
-1
-1
3
1
5
8
4
8
0
0
10
0
4
11
2
6
6
-1
11
-1
-1
3
-1
6
11
-1
13
6
11
3
6
6
13
-1
-1
-1
6
-1
1
0
9
9
9
9
9
-1
2
5
-1
-1
0
0
0
-1
0
-1
1
0
5
5
0
-1
10
2
-1
6
0
4
0
4
1
8
0
8
4
1
1
8
8
3
4
8
3
6
3
3
0
3
-1
13
6
3
3
3
3
3
3
9
0
-1
11
11
-1
9
-1
-1
13
1
0
0
-1
10
0
0
0
9
-1
-1
7
-1
-1
2
2
9
-1
12
-1
12
12
9
9
8
4
-1
-1
-1
13
1
0
6
5
0
13
8
1
1
13
1
13
-1
1
1
10
1
10
-1
6
8
0
10
0
6
1
10
1
3
-1
3
0
10
1
2
2
7
2
0
2
-1
2
2
2
7
3
3
10
1
10
10
1
-1
10
1
1
7
8
8
2
-1
6
2
5
2
1
1
1
1
0
10
1
6
-1
5
-1
2
2
1
-1
0
-1
1
0
1
0
0
0
5
-1
1
0
5
0
0
0
0
0
1
0
0
0
1
0
0
10
0
2
3
3
-1
-1
3
3
3
3
3
3
3
9
7
3
1
0
1
0
1
0
5
5
2
2
-1
2
12
-1
-1
-1
-1
5
-1
0
0
-1
0
2
1
1
0
0
5
0
1
5
2
0
0
5
0
-1
-1
5
0
5
5
0
2
0
2
5
-1
5
0
0
0
2
0
1
0
0
1
2
2
0
0
0
2
-1
